22410
73794
90405
98842
95052
68081
63222
11581
43691
69609
22745
25948
3743
63318
41589
87407
43226
82567
50962
29542
2336
54970
89310
8710
82406
95340
37468
24620
99259
50524
33248
16018
93727
82269
98787
90366
8732
471
90146
81880
19522
25922
1393
97018
74242
85650
33755
82070
97821
61810
69936
5016
43568
39914
3607
49551
56794
5932
6873
54293
52256
21451
63365
94089
19930
75389
32906
21839
10086
39426
66610
89092
33368
43393
5727
14318
46048
99879
37572
33944
67486
88021
70328
9054
30132
43216
88087
56806
23706
31624
70102
17269
59962
19260
54280
26343
67314
6957
95732
87382
63732
68725
66339
17304
42724
76911
87240
17159