13515
67147
2741
37874
12251
36764
70571
80805
64353
53558
62870
19186
96883
75436
37141
68397
22036
90921
78377
18547
47487
47130
44681
12574
38458
21603
65529
16843
92577
846
10471
33751
33135
86186
99290
11159
10939
16010
32832
98623
76882
40445
28744
49256
48776
61272
63713
36873
11515
87379
20475
42921
99571
36010
17476
11225
44573
75436
32143
75216
64453
60461
11577
47326
53448
83322
22904
88684
91033
53334
11931
89241
60581
73691
39135
94834
27595
17044
53716
83738
60498
85333
64652
59275
76403
84267
10144
30460
20402
83509
1751
32684
57591
19077
31722
20172
33534
76506
69662
92880
21103
7565
50688
23866
12666
83634
60390
70782
40068
20112
79108
18499
8003
20478
71848
27754
85190
29689
79736
13542
23681
3723
49191
9162